                                                                                                                                                  
                                                                                                                                                  
                                                                  ***************************                                                     
                                                                    DIFFUSE SOLAR RADIATION                                                       
                                                                  ***************************                                                     
                                                                                                                  COUNTRY = JAPAN                 
                                                                                                                                                  
                                                                     SCALE = WRR                                                                  
                                                                     UNIT  = 0.01 MJ/m**2                                                         
                        STATION    : Tateno                                                                                                       
                        STATION NO.: 47646                                                                                                        
                        LOCATION   : 140ß08' E                                                                                                    
                                      36ß03' N                                                                                                    
                        ALTITUDE   :   25.2  m                                                                                                    
                        YEAR/MONTH : 2015/06                                                                                                      
                                                                                                                                                  
              DATE   -01  -02  -03  -04  -05  -06  -07  -08  -09  -10  -11  -12  -13  -14  -15  -16  -17  -18  -19  -20  -21  -22  -23  -24  TOTAL
                                                                                                                                                  
               6 1   ...  ...  ...    0    3   25   76  115  161  118   61   68   64   59   57   53   49   31    7    0  ...  ...  ...  ...    947
               6 2   ...  ...  ...    0    3   21   37   62   68   82  141  148  173  137   95   64   54   39    8    0  ...  ...  ...  ...   1132
               6 3   ...  ...  ...    0    1    9   17   27   39   32   26   53  136   94   99   77   46   19    4    0  ...  ...  ...  ...    679
               6 4   ...  ...  ...    0    4   23   64   94   95   65  112  151  100   64   29   28   24   19    7    0  ...  ...  ...  ...    879
               6 5   ...  ...  ...    0    4   23   59   97   93  142  110   99   82   58   35   33   24    3    2    0  ...  ...  ...  ...    864
               6 6   ...  ...  ...    0    1    7   25   71  129  148   94  200  168   74  102   69   66   24    7    0  ...  ...  ...  ...   1185
               6 7   ...  ...  ...    0    5   36   71  111   95   96  176  186  164  113  131   93   66   42    9    0  ...  ...  ...  ...   1394
               6 8   ...  ...  ...    0    5   25   44   76  107  153  159  143  154  139  117   88   38   19    4    0  ...  ...  ...  ...   1271
               6 9   ...  ...  ...    0    1    5   13   24   28   43   88  122   84   97   76   58   46   14    4    0  ...  ...  ...  ...    703
               610   ...  ...  ...    0    2   22   41   99  121  106  113  127  133  117   86   72   51   36   14    0  ...  ...  ...  ...   1140
               611   ...  ...  ...    0    5   34   54   92  142  143  152  156  147  145   93  112   77   35    6    0  ...  ...  ...  ...   1393
               612   ...  ...  ...    0    2    9   18   19   83   81   38  147  110  183  112   74   19   14    2    0  ...  ...  ...  ...    911
               613   ...  ...  ...    0    3   23   51  106  140  155  135  102  139  157  125   99   64   31    9    0  ...  ...  ...  ...   1339
               614   ...  ...  ...    0    1    8   29   37   52   46   72   74  156  152  121  104   56   33    5    0  ...  ...  ...  ...    946
               615   ...  ...  ...    0    3   28   52   70   83  100  107  135  131  122  116   95   74   33    4    0  ...  ...  ...  ...   1153
               616   ...  ...  ...    0    2   19   46   58  134  171  169   96  120  167  152  108   70   25    8    0  ...  ...  ...  ...   1345
               617   ...  ...  ...    0    3   10   37   76  106  195  210  163  117  120  103  124   58   24    6    0  ...  ...  ...  ...   1352
               618   ...  ...  ...    0    1    7   13   63  144  167  193   83   79  115   68   31   28   29   12    0  ...  ...  ...  ...   1033
               619   ...  ...  ...    0    3   25   32   45   67   85  104  136  109   61   53   25   30   21    6    0  ...  ...  ...  ...    802
               620   ...  ...  ...    0    4   19   25   31   41   64   89   76  135  112   74   81   58   34   12    0  ...  ...  ...  ...    855
               621   ...  ...  ...    0    1    9   23   39   75   62   71  120  100   82   31   21   28   17   17    0  ...  ...  ...  ...    696
               622   ...  ...  ...    0    5   26   63  103  148  116   86  128  155  118  148  131   81   42   10    0  ...  ...  ...  ...   1360
               623   ...  ...  ...    0    2   19   58  102  142  169  207  150  165  145  103   93   11   10    2    0  ...  ...  ...  ...   1378
               624   ...  ...  ...    0    4   27   62  111   80   83   76   49   53   70   82   65   53   33   10    0  ...  ...  ...  ...    858
               625   ...  ...  ...    0    3   29   66  110  141  143   81   96  116  124  112   98   69   40   11    0  ...  ...  ...  ...   1239
               626   ...  ...  ...    0    4   28   49   65   92  124  114   76   91   46   37   37   28   14    2    0  ...  ...  ...  ...    807
               627   ...  ...  ...    0    1   14   30   39   65   97   85   90   45   51   66   67   33   17    5    1  ...  ...  ...  ...    706
               628   ...  ...  ...    0    3   23   52   61   58  106  115  158  175  124   88   93   57   27    8    0  ...  ...  ...  ...   1148
               629   ...  ...  ...    0    2    6   21   73  148  151   99  114  107  132  101   80   63   34   11    0  ...  ...  ...  ...   1142
               630   ...  ...  ...    0    3   31   73   94  138  108  126  176  167  145  115   89   62   19    7    0  ...  ...  ...  ...   1353
              ------------------------------------------------------------------------------------------------------------------------------------
              TOTAL                   0   84  590 1301 2170 3015 3351 3409 3622 3675 3323 2727 2262 1483  778  219    1                      32010
              MEAN                    0    3   20   43   72  101  112  114  121  123  111   91   75   49   26    7    0                       1067
              MAX                     0    5   36   76  115  161  195  210  200  175  183  152  131   81   42   17    1                       1394
                N                    30   30   30   30   30   30   30   30   30   30   30   30   30   30   30   30   30                         30
              NOTE                                                                                                                                
                                                                                                                                                  
                   *): WITH MISSING DATA; TOTAL,MEAN,MAXIMUM ESTIMATED                                                                            
                                                                                                                                                  
                                                                                                                                                  
                                                                                                                                                  
 