                                                                                                                                                  
                                                                                                                                                  
                                                                  ***************************                                                     
                                                                    DIFFUSE SOLAR RADIATION                                                       
                                                                  ***************************                                                     
                                                                                                                  COUNTRY = JAPAN                 
                                                                                                                                                  
                                                                     SCALE = WRR                                                                  
                                                                     UNIT  = 0.01 MJ/m**2                                                         
                        STATION    : Tateno                                                                                                       
                        STATION NO.: 47646                                                                                                        
                        LOCATION   : 140ß08' E                                                                                                    
                                      36ß03' N                                                                                                    
                        ALTITUDE   :   25.2  m                                                                                                    
                        YEAR/MONTH : 2018/06                                                                                                      
                                                                                                                                                  
              DATE   -01  -02  -03  -04  -05  -06  -07  -08  -09  -10  -11  -12  -13  -14  -15  -16  -17  -18  -19  -20  -21  -22  -23  -24  TOTAL
                                                                                                                                                  
               6 1   ...  ...  ...    0    3   17   26   30   40   48   87  105   82   82   75   41   32   23    7    0  ...  ...  ...  ...    698
               6 2   ...  ...  ...    0    4   35   64   98   67  117  113  131  104   87   82   57   41   27    8    0  ...  ...  ...  ...   1035
               6 3   ...  ...  ...    0    4   21   32   39   43   44   49   92   98   50   53   62   42   22    8    0  ...  ...  ...  ...    659
               6 4   ...  ...  ...    0    3   24   48   47   44   41   39   40   40   40   37   32   26   19    7    0  ...  ...  ...  ...    487
               6 5   ...  ...  ...    0    5   39   69  110  165   86   85  128  145  158  136   95   64   24    7    0  ...  ...  ...  ...   1316
               6 6   ...  ...  ...    0    1   16   42   60   81   90   82  118   66   46   42   34   16    7    2    0  ...  ...  ...  ...    703
               6 7   ...  ...  ...    0    1   14   40   60  114  108  111   71   58   53   51   51   50   37   10    0  ...  ...  ...  ...    829
               6 8   ...  ...  ...    0    4   26   60   90   98  123  106   78   87  119  120  105   75   38    8    0  ...  ...  ...  ...   1137
               6 9   ...  ...  ...    0    4   32   74  107  117  123  133  148  149  133  113   62   72   40    8    0  ...  ...  ...  ...   1315
               610   ...  ...  ...    0    1   12   14   49   76   47   54   56   45   37   33   26   10    3    0    0  ...  ...  ...  ...    463
               611   ...  ...  ...    0    1    4   12   30   68   82   76   64   51   48   33   27   20   15    4    0  ...  ...  ...  ...    535
               612   ...  ...  ...    0    2   12   31   46   48   57   52   60   67   52   52   16   27   26    7    0  ...  ...  ...  ...    555
               613   ...  ...  ...    0    2   13   21   39   86  107  181  131  103   94   65   64   52   32    9    0  ...  ...  ...  ...    999
               614   ...  ...  ...    0    2   22   65   80  116  164  200  195  163  129  125  113   80   40    9    0  ...  ...  ...  ...   1503
               615   ...  ...  ...    0    1    6   13   28   47   41   38   46   41   34   56   33   28   11    4    0  ...  ...  ...  ...    427
               616   ...  ...  ...    0    1    8   17   31   41   84   90  137  125   82   61   50   35   17    2    0  ...  ...  ...  ...    781
               617   ...  ...  ...    0    2   19   55  111  159  168  112  118  115  137  103  100   49   32    4    0  ...  ...  ...  ...   1284
               618   ...  ...  ...    0    1   16   47   72   86   85   34   37   33   34   36   44   23   22   15    0  ...  ...  ...  ...    585
               619   ...  ...  ...    0    2   35   45   60   89  119  108  133   92  109   86   37   28   29   11    0  ...  ...  ...  ...    983
               620   ...  ...  ...    0    1    5   12   15   25   28   31   35   64   55   39   36   60   21    6    0  ...  ...  ...  ...    433
               621   ...  ...  ...    0    2   17   43   57   73   88  125  133  105  117   66   37   21   14    4    0  ...  ...  ...  ...    902
               622   ...  ...  ...    0    4   26   61  103  118  147  157  112  137  162  106   87   53   30   11    0  ...  ...  ...  ...   1314
               623   ...  ...  ...    0    3   24   57   80   64   76   61   60   91   77   66   35   21    9    2    0  ...  ...  ...  ...    726
               624   ...  ...  ...    0    3   17   18   59   65   96  123  181  148  100  110  110   78   28   12    1  ...  ...  ...  ...   1149
               625   ...  ...  ...    0    3   25   40   47   51   55   60   65   71   77   73   66   54   37    9    0  ...  ...  ...  ...    733
               626   ...  ...  ...    0    1    8   38  103  141  148  117  124  128  149  142  117   90   48   18    0  ...  ...  ...  ...   1372
               627   ...  ...  ...    0    3   17   28   66  123   88  102  133   58   44   55   40   48   38    9    0  ...  ...  ...  ...    852
               628   ...  ...  ...    0    1    7   25   39   80   94  118  161  138  126  104   84   54   53   10    0  ...  ...  ...  ...   1094
               629   ...  ...  ...    0    4   24   43   42   31   29   31   29   28   25   24   23   21   16    6    0  ...  ...  ...  ...    376
               630   ...  ...  ...    0    4   17   27   29   43   53   51   72   58   45   42   33   38   29   10    0  ...  ...  ...  ...    551
              ------------------------------------------------------------------------------------------------------------------------------------
              TOTAL                   0   73  558 1167 1827 2399 2636 2726 2993 2690 2501 2186 1717 1308  787  227    1                      25796
              MEAN                    0    2   19   39   61   80   88   91  100   90   83   73   57   44   26    8    0                        860
              MAX                     0    5   39   74  111  165  168  200  195  163  162  142  117   90   53   18    1                       1503
                N                    30   30   30   30   30   30   30   30   30   30   30   30   30   30   30   30   30                         30
              NOTE                                                                                                                                
                                                                                                                                                  
                   *): WITH MISSING DATA; TOTAL,MEAN,MAXIMUM ESTIMATED                                                                            
                                                                                                                                                  
                                                                                                                                                  
                                                                                                                                                  
 