                                                                                                                                                  
                                                                                                                                                  
                                                                  ***************************                                                     
                                                                    DIFFUSE SOLAR RADIATION                                                       
                                                                  ***************************                                                     
                                                                                                                  COUNTRY = JAPAN                 
                                                                                                                                                  
                                                                     SCALE = WRR                                                                  
                                                                     UNIT  = 0.01 MJ/m**2                                                         
                        STATION    : Tateno                                                                                                       
                        STATION NO.: 47646                                                                                                        
                        LOCATION   : 140ß08' E                                                                                                    
                                      36ß03' N                                                                                                    
                        ALTITUDE   :   25.2  m                                                                                                    
                        YEAR/MONTH : 2016/06                                                                                                      
                                                                                                                                                  
              DATE   -01  -02  -03  -04  -05  -06  -07  -08  -09  -10  -11  -12  -13  -14  -15  -16  -17  -18  -19  -20  -21  -22  -23  -24  TOTAL
                                                                                                                                                  
               6 1   ...  ...  ...    0    3   25   68  111  137  138  121  120   84   72  106   99   60   36    9    0  ...  ...  ...  ...   1189
               6 2   ...  ...  ...    0    6   21   60   48   38   38   43   78  110   89   94   90   64   34    8    0  ...  ...  ...  ...    821
               6 3   ...  ...  ...    0    4   16   24   29   33   37   41   45   53   87   90   80   42   25    8    0  ...  ...  ...  ...    614
               6 4   ...  ...  ...    0    5   23   37   50   81   74  109  154  179  161  136  109   78   43    7    0  ...  ...  ...  ...   1246
               6 5   ...  ...  ...    0    2    8   23   53  121  174  148  174  155  159  129   94   65   35    8    0  ...  ...  ...  ...   1348
               6 6   ...  ...  ...    0    5   19   35   81   69  143  111   55  180  204  157  124   91   38    7    0  ...  ...  ...  ...   1319
               6 7   ...  ...  ...    0    2    8   16   57  105   59   48   50   70   29   30   22   35   11    3    0  ...  ...  ...  ...    545
               6 8   ...  ...  ...    0    1   11   31   96  124  148  165  153  157  124   37   78   73   40    7    0  ...  ...  ...  ...   1245
               6 9   ...  ...  ...    0    1   13   26   33   34   41   59  100   91   85   95  117   61   33    7    0  ...  ...  ...  ...    796
               610   ...  ...  ...    0    5   22   49   53   43   95   73   75   63   52   41   39   41   30    7    0  ...  ...  ...  ...    688
               611   ...  ...  ...    0    4   21   33   40   44   54   71   83  104  142   82   80   78   42   13    0  ...  ...  ...  ...    891
               612   ...  ...  ...    0    4   31   58   90  112  142  164  165  168  155  120   95   63   23    4    0  ...  ...  ...  ...   1394
               613   ...  ...  ...    0    1    4   11   19   41   51   60   61   68   60   62   48   18   11    5    0  ...  ...  ...  ...    520
               614   ...  ...  ...    0    3   14   35   90   64   82  129  101  197  162  112   71   63   36    4    0  ...  ...  ...  ...   1163
               615   ...  ...  ...    0    1    4   17   19   39   81   79   68   61   69   55   43   26   19    7    0  ...  ...  ...  ...    588
               616   ...  ...  ...    0    2   12   28   70   84   78   89  113   57   50   59   53   37   17    5    0  ...  ...  ...  ...    754
               617   ...  ...  ...    0    2   21   66   72   41   52   72   90   87  174  144  101   80   35    8    0  ...  ...  ...  ...   1045
               618   ...  ...  ...    0    4   27   49   67   95   78   69   73   73   60   56   50   41   30    8    0  ...  ...  ...  ...    780
               619   ...  ...  ...    0    4   26   49   86  102  138  223  164  168  111   99   65   21   17    5    0  ...  ...  ...  ...   1278
               620   ...  ...  ...    0    3   18   55   95  137  152  157  121  136  160  139  116   85   22    1    0  ...  ...  ...  ...   1397
               621   ...  ...  ...    0    2   16   25   29   41   44   61   63  118  163  139   94   64   38   11    0  ...  ...  ...  ...    908
               622   ...  ...  ...    0    2   29   47   54   85  109   53   53   46   43   18   15    9    7    2    0  ...  ...  ...  ...    572
               623   ...  ...  ...    0    1    4   10   21   30   38   38   98   39   57  135   61   57   29    9    0  ...  ...  ...  ...    627
               624   ...  ...  ...    0    2   32   63   93  111  137  142  117  106   61   59   52   27    8    4    0  ...  ...  ...  ...   1014
               625   ...  ...  ...    0    0    4    6   33   41   37   43   85  128   86   55   61   43   19    3    0  ...  ...  ...  ...    644
               626   ...  ...  ...    0    5   24   45   76  110  122  157  161  154  157  138  101   64   27    9    0  ...  ...  ...  ...   1350
               627   ...  ...  ...    0    5   24   36   56   57   61   66   94  122   98  104   66   68   43    6    0  ...  ...  ...  ...    906
               628   ...  ...  ...    0    0    3    9   25   34   54   39   48   42   34   31   29   34   19    7    0  ...  ...  ...  ...    408
               629   ...  ...  ...    0    2    7   19   51   77  116  140  140  167  141  111   44   40   26    5    0  ...  ...  ...  ...   1086
               630   ...  ...  ...    0    2   24   44  107  101   66  165  179   81  112  107  126   61   31    6    0  ...  ...  ...  ...   1212
              ------------------------------------------------------------------------------------------------------------------------------------
              TOTAL                   0   83  511 1074 1804 2231 2639 2935 3081 3264 3157 2740 2223 1589  824  193    0                      28348
              MEAN                    0    3   17   36   60   74   88   98  103  109  105   91   74   53   27    6    0                        945
              MAX                     0    6   32   68  111  137  174  223  179  197  204  157  126   91   43   13    0                       1397
                N                    30   30   30   30   30   30   30   30   30   30   30   30   30   30   30   30   30                         30
              NOTE                                                                                                                                
                                                                                                                                                  
                   *): WITH MISSING DATA; TOTAL,MEAN,MAXIMUM ESTIMATED                                                                            
                                                                                                                                                  
                                                                                                                                                  
                                                                                                                                                  
 