                                                                                                                                                  
                                                                                                                                                  
                                                                  ***************************                                                     
                                                                    DIFFUSE SOLAR RADIATION                                                       
                                                                  ***************************                                                     
                                                                                                                  COUNTRY = JAPAN                 
                                                                                                                                                  
                                                                     SCALE = WRR                                                                  
                                                                     UNIT  = 0.01 MJ/m**2                                                         
                        STATION    : Tateno                                                                                                       
                        STATION NO.: 47646                                                                                                        
                        LOCATION   : 140ß08' E                                                                                                    
                                      36ß03' N                                                                                                    
                        ALTITUDE   :   25.2  m                                                                                                    
                        YEAR/MONTH : 2014/06                                                                                                      
                                                                                                                                                  
              DATE   -01  -02  -03  -04  -05  -06  -07  -08  -09  -10  -11  -12  -13  -14  -15  -16  -17  -18  -19  -20  -21  -22  -23  -24  TOTAL
                                                                                                                                                  
               6 1   ...  ...  ...    0    4   27   48   59   65   66   62   64   67   61   54   49   38   27    7    0  ...  ...  ...  ...    698
               6 2   ...  ...  ...    0    4   25   42   52   60   64   67   71   90  120  137  118   66   45    9    0  ...  ...  ...  ...    970
               6 3   ...  ...  ...    0    2   17   27   47   76  135  176  181  168  127  126   99   78   36    5    0  ...  ...  ...  ...   1300
               6 4   ...  ...  ...    0    3   30   70  113  136  155  132  131  142  131  123   89   62   39    8    0  ...  ...  ...  ...   1364
               6 5   ...  ...  ...    0    2   13   32   45   62   60   65   91   58   79   63   32   27   19    2    0  ...  ...  ...  ...    650
               6 6   ...  ...  ...    0    2    8   14   16   47   86   83   45   37   55   32   20   21    8    1    0  ...  ...  ...  ...    475
               6 7   ...  ...  ...    0    1    7   24   31   39   70   73   91   49   33   20   33   20    9    4    0  ...  ...  ...  ...    504
               6 8   ...  ...  ...    0    1    5   24   47   38   58   54   41   28   34   32   44   18   10    3    0  ...  ...  ...  ...    437
               6 9   ...  ...  ...    0    2   21   60   78  104  170  163  150   69   29   52   50   41   20    5    0  ...  ...  ...  ...   1014
               610   ...  ...  ...    0    3   30   58  110  134  165  152  150  143  148  139  103   62   37    9    0  ...  ...  ...  ...   1443
               611   ...  ...  ...    0    1   10   35   53   64   80   60   50   28   51   27   24   10    7    2    0  ...  ...  ...  ...    502
               612   ...  ...  ...    0    1    8   23   39   58   55   78   59   67   38   30   74   25   20    6    0  ...  ...  ...  ...    581
               613   ...  ...  ...    0    4   26   32   29   32   45   64   48   80   66   54   52   29   25   19    0  ...  ...  ...  ...    605
               614   ...  ...  ...    0    4   16   23   26   28   30   32   30   34   50   76   54   42   29   12    0  ...  ...  ...  ...    486
               615   ...  ...  ...    0    5   22   34   38   46   45   43   40   40   37   35   37   47   36    9    0  ...  ...  ...  ...    514
               616   ...  ...  ...    0    3   21   36   44   48   59   64   73   83  104  101   84   61   35   11    0  ...  ...  ...  ...    827
               617   ...  ...  ...    0    4   25   67  105  133  162  182  158  159  150  134   96   66   31   10    0  ...  ...  ...  ...   1482
               618   ...  ...  ...    0    3   26   64   70   55   93   87   91  123  103  113   67   73   25    8    0  ...  ...  ...  ...   1001
               619   ...  ...  ...    0    5   25   38   53   85  108  125  129   88   99  107  104   64   38    7    0  ...  ...  ...  ...   1075
               620   ...  ...  ...    0    4   36   68   94  119  142  142  151  145  130  110   97   69   25    7    0  ...  ...  ...  ...   1339
               621   ...  ...  ...    0    3   28   71   90  124  139  183  185  136  148  159  122   84   32    5    0  ...  ...  ...  ...   1509
               622   ...  ...  ...    0    1    8   13   29   18   27   65  100   37   44   59   99   82   43   10    0  ...  ...  ...  ...    635
               623   ...  ...  ...    0    3   33   61   64  113  163  159  164  172  149  113  110   78   48   10    0  ...  ...  ...  ...   1440
               624   ...  ...  ...    0    1    6   14   57   55   54   24   90  177  160  126   85   57   25    6    0  ...  ...  ...  ...    937
               625   ...  ...  ...    0    3   16   34   88  147  109   65  138  151  122   84   40   18   12    4    0  ...  ...  ...  ...   1031
               626   ...  ...  ...    0    5   27   37   50   58  102  153  134  148  135   98  104   78   45   13    0  ...  ...  ...  ...   1187
               627   ...  ...  ...    0    2   24   64   97  102  139  139  110  127  175  165   97   59   36    9    0  ...  ...  ...  ...   1345
               628   ...  ...  ...    0    1    9   29   20   99  124  115  111  118   66  100   90   43   19    6    0  ...  ...  ...  ...    950
               629   ...  ...  ...    0    1    6   16   30   90  123   78  169  134   94   88   24    5    6    2    0  ...  ...  ...  ...    866
               630   ...  ...  ...    0    5   29   66   97  156  164  133  162  179  186  111   92   38   29   14    0  ...  ...  ...  ...   1461
              ------------------------------------------------------------------------------------------------------------------------------------
              TOTAL                   0   83  584 1224 1771 2391 2992 3018 3207 3077 2924 2668 2189 1461  816  223    0                      28628
              MEAN                    0    3   19   41   59   80  100  101  107  103   97   89   73   49   27    7    0                        954
              MAX                     0    5   36   71  113  156  170  183  185  179  186  165  122   84   48   19    0                       1509
                N                    30   30   30   30   30   30   30   30   30   30   30   30   30   30   30   30   30                         30
              NOTE                                                                                                                                
                                                                                                                                                  
                   *): WITH MISSING DATA; TOTAL,MEAN,MAXIMUM ESTIMATED                                                                            
                                                                                                                                                  
                                                                                                                                                  
                                                                                                                                                  
 