                                                                                                                                                  
                                                                                                                                                  
                                                                  ***************************                                                     
                                                                    DIFFUSE SOLAR RADIATION                                                       
                                                                  ***************************                                                     
                                                                                                                  COUNTRY = JAPAN                 
                                                                                                                                                  
                                                                     SCALE = WRR                                                                  
                                                                     UNIT  = 0.01 MJ/m**2                                                         
                        STATION    : Tateno                                                                                                       
                        STATION NO.: 47646                                                                                                        
                        LOCATION   : 140ß08' E                                                                                                    
                                      36ß03' N                                                                                                    
                        ALTITUDE   :   25.2  m                                                                                                    
                        YEAR/MONTH : 2017/06                                                                                                      
                                                                                                                                                  
              DATE   -01  -02  -03  -04  -05  -06  -07  -08  -09  -10  -11  -12  -13  -14  -15  -16  -17  -18  -19  -20  -21  -22  -23  -24  TOTAL
                                                                                                                                                  
               6 1   ...  ...  ...    0    0    9   24   38   61   83  154  178  170   99   66   56   47    8    9    0  ...  ...  ...  ...   1002
               6 2   ...  ...  ...    0    3   16   53   34   36   66   57   90  114   89   82   74   29   21    7    0  ...  ...  ...  ...    771
               6 3   ...  ...  ...    0    4   18   27   37   41   45   95   86   73   76   41   72   45   26    9    0  ...  ...  ...  ...    695
               6 4   ...  ...  ...    0    5   29   59   80   43   46   48   50   50   48   43   35   59   23   10    0  ...  ...  ...  ...    628
               6 5   ...  ...  ...    0    4   21   51   38   34   43   81   93   76   86   91   52   41   30    8    0  ...  ...  ...  ...    749
               6 6   ...  ...  ...    0    2   18   55  108  177  154  177  154  162  149  118   98   66   37   12    0  ...  ...  ...  ...   1487
               6 7   ...  ...  ...    0    2   18   60  122  107  117  112  117  116  117  111   64   41   15    5    0  ...  ...  ...  ...   1124
               6 8   ...  ...  ...    0    2   18   53   98   95  169  190  163   70   80  108   42   56   11    2    0  ...  ...  ...  ...   1157
               6 9   ...  ...  ...    0    5   28   77   86  160  152  143  207  190   87   47   37   37   27   10    0  ...  ...  ...  ...   1293
               610   ...  ...  ...    0    6   22   43   65   98   79  106   88  124  151   91   68   69   22    3    0  ...  ...  ...  ...   1035
               611   ...  ...  ...    0    3   22   65  122  136  113  128  109  155  139  132   78   50   34   10    0  ...  ...  ...  ...   1296
               612   ...  ...  ...    0    4   15   30   81  126   95   50   56   52  123   77   71   43   33   11    0  ...  ...  ...  ...    867
               613   ...  ...  ...    0    1    6   11   41   67  121  103   36   34   45   51   28   27   15    4    0  ...  ...  ...  ...    590
               614   ...  ...  ...    0    2   16   22   57   95   93  165   87  235  161  110   49   52   31   11    0  ...  ...  ...  ...   1186
               615   ...  ...  ...    0    3   28   55   95  123  113  132  155  135  107  115   82   59   34   10    0  ...  ...  ...  ...   1246
               616   ...  ...  ...    0    4   27   52   85  124  129  131  125  102  101   76   62   37   30    4    0  ...  ...  ...  ...   1089
               617   ...  ...  ...    0    4   19   28   35   40   43   49   46   44   42   39   59   52   33   11    0  ...  ...  ...  ...    544
               618   ...  ...  ...    0    2   17   44   50  106   76   84  123  111  104   50   30   15    9    1    0  ...  ...  ...  ...    822
               619   ...  ...  ...    0    1    9   18   60  111   92  154  203  190  178  150  117   79   46    9    0  ...  ...  ...  ...   1417
               620   ...  ...  ...    0    5   31   55   65   73   97  113   94   93  108  117   94   68   42   12    0  ...  ...  ...  ...   1067
               621   ...  ...  ...    0    1    4   14   34   34   34   46   33   31   22   20   26   21    7    4    0  ...  ...  ...  ...    331
               622   ...  ...  ...    0    2   26   58   84  125  161  169  124  174  145  117  114   75   38    8    0  ...  ...  ...  ...   1420
               623   ...  ...  ...    0    5   30   51   63   77   96   95  119  112  118   92   79   57   29    7    0  ...  ...  ...  ...   1030
               624   ...  ...  ...    0    5   32   68  100  134  160  158  149  109  104   93   96   78   37    9    0  ...  ...  ...  ...   1332
               625   ...  ...  ...    0    0    3   13   36   44   96  114  135  177  118   66   65   33   13    3    0  ...  ...  ...  ...    916
               626   ...  ...  ...    0    1    7    9   20   65   96  180  191  180  184  148  103   65   35   11    0  ...  ...  ...  ...   1295
               627   ...  ...  ...    0    1    5   29   23   90  112  166  170  113  173  176  100   81   25    8    0  ...  ...  ...  ...   1272
               628   ...  ...  ...    0    1   10   31   59   61   72   41   97  149   75  133  104   52   22    8    0  ...  ...  ...  ...    915
               629   ...  ...  ...    0    1   14   60  109  127  157  177  181  171  166  137  117   79   38   10    0  ...  ...  ...  ...   1544
               630   ...  ...  ...    0    1    8   21   36   88  143   94   89  121  116  100   59   42   24    8    0  ...  ...  ...  ...    950
              ------------------------------------------------------------------------------------------------------------------------------------
              TOTAL                   0   80  526 1236 1961 2698 3053 3512 3548 3633 3311 2797 2131 1555  795  234    0                      31070
              MEAN                    0    3   18   41   65   90  102  117  118  121  110   93   71   52   27    8    0                       1036
              MAX                     0    6   32   77  122  177  169  190  207  235  184  176  117   81   46   12    0                       1544
                N                    30   30   30   30   30   30   30   30   30   30   30   30   30   30   30   30   30                         30
              NOTE                                                                                                                                
                                                                                                                                                  
                   *): WITH MISSING DATA; TOTAL,MEAN,MAXIMUM ESTIMATED                                                                            
                                                                                                                                                  
                                                                                                                                                  
                                                                                                                                                  
 